# hex9 encoding fixture
# board_size planes policy_size
9 3 82
# per case: moves..., then -1, then the plane sum and a checksum over set indices
3 60 44 30 -1 4.0 14857651733766176276
68 -1 82.0 3129375036583309392
21 77 63 -1 3.0 7097646968932314816
40 76 -1 2.0 11164562018033948004
78 -1 82.0 14913657921238729250
31 55 23 26 35 69 7 41 28 6 22 21 3 0 67 16 59 60 -1 18.0 15699668747831403931
75 69 36 68 46 55 40 61 22 78 44 15 19 -1 13.0 5011690263562067354
30 68 57 35 1 9 53 70 66 33 4 47 15 -1 13.0 4431116696106819340
27 37 64 3 53 57 62 46 47 65 41 8 54 30 13 24 23 63 71 32 69 -1 21.0 4035456290792109137
15 21 30 79 3 -1 5.0 16345778856283396406
66 13 62 57 15 23 39 -1 7.0 11839032178493169918
42 31 -1 2.0 11162847879405945505
22 77 32 33 43 4 9 34 49 46 75 -1 11.0 12580045847070608069
55 41 15 24 76 6 80 -1 7.0 16563993969695546460
42 3 79 48 80 18 47 8 52 19 32 43 9 33 67 62 4 16 28 -1 19.0 9816044785635456023
64 79 8 34 28 23 40 65 7 14 50 24 31 72 46 60 12 6 -1 18.0 13841653517417986987
27 33 60 30 -1 4.0 14928556799474080993
43 60 -1 2.0 11161975966684963407
-1 0.0 1469598103934665603
1 -1 82.0 7494426818163901643
35 68 46 26 40 -1 5.0 11400037433677259251
3 56 80 10 33 58 70 17 31 32 73 63 39 60 24 68 30 7 61 34 40 49 -1 22.0 9065673981231610530
27 58 0 46 68 64 63 53 76 30 57 12 7 2 18 75 52 74 79 -1 19.0 11720285910041822252
12 -1 82.0 14541779465855896664
31 -1 82.0 12431535702095184489
60 35 56 54 11 50 71 32 67 24 19 28 16 44 17 76 49 2 22 69 14 20 30 -1 23.0 10037316845351480583
-1 0.0 1469598103934665603
38 61 9 65 35 63 73 70 59 13 74 33 49 16 48 20 0 56 -1 18.0 16088262266829685772
60 67 57 64 69 71 31 46 6 15 1 61 51 -1 13.0 8999700072404046913
30 24 55 22 56 12 49 61 66 47 44 18 20 75 21 13 72 54 77 25 36 27 -1 22.0 8142615332936986192
67 24 69 45 77 75 50 21 47 46 8 31 43 74 49 15 37 -1 17.0 12171397032588933634
34 32 46 74 63 30 59 4 25 39 6 5 65 66 23 47 -1 16.0 2651933656201914437
0 33 23 2 54 57 56 39 20 68 71 61 74 73 55 75 69 79 26 -1 19.0 484194424138842368
64 5 80 41 74 36 71 30 43 57 32 27 54 25 67 -1 15.0 7429642878613260103
42 23 31 64 56 29 16 3 57 62 47 78 45 55 50 10 32 76 63 14 4 -1 21.0 5637181713512507617
60 6 23 32 74 45 9 77 1 11 20 64 50 8 62 65 -1 16.0 17007628119111761396
11 61 13 46 44 -1 5.0 10996110617838009543
5 69 40 38 20 60 80 51 16 18 27 70 37 -1 13.0 9584051011425634405
40 29 23 75 60 79 72 52 71 13 3 19 5 17 0 2 66 54 67 11 -1 20.0 14900959341111542555
39 10 26 43 36 -1 5.0 12418239011777294522
4 47 45 24 9 36 72 65 67 28 2 27 41 1 78 56 46 5 19 3 76 -1 21.0 10386299279131323191
-1 0.0 1469598103934665603
78 7 19 64 53 33 8 11 13 49 4 -1 11.0 3774125907513789862
37 54 2 52 55 33 1 25 24 64 26 53 -1 12.0 17050719238056598193
80 9 36 13 64 40 54 11 14 2 60 79 43 -1 13.0 3955510602619333483
16 39 35 34 22 3 45 14 78 56 77 0 61 54 69 80 11 24 44 -1 19.0 17194154212623016413
14 29 31 32 8 41 30 63 6 16 48 67 54 4 37 40 49 17 -1 18.0 3526090985029535666
44 1 67 70 -1 4.0 10204697220458673437
78 6 10 70 31 21 39 49 42 80 40 35 -1 12.0 2478867526831997756
7 41 60 66 78 25 15 22 -1 8.0 17482322221155608273
42 54 17 -1 3.0 13312433031232990386
0 41 33 78 44 21 12 64 26 39 -1 10.0 2504089704644598946
13 43 6 8 40 38 26 17 78 -1 9.0 1468625021859082373
31 12 43 27 78 73 13 26 20 67 59 17 3 80 56 22 -1 16.0 13432797071635955832
8 75 69 11 5 70 59 9 56 26 32 23 79 68 21 41 -1 16.0 14660786869219857659
42 75 70 72 63 16 66 24 29 40 17 5 43 30 -1 14.0 13510817255846657224
75 50 76 1 36 30 48 15 47 41 22 23 -1 12.0 11423038893434626905
20 41 21 5 50 14 29 79 49 59 67 35 64 11 70 75 6 46 9 15 38 61 -1 22.0 16588963198980737384
62 52 75 34 29 70 3 22 28 65 18 14 33 69 59 26 67 2 47 -1 19.0 14401808781176775254
6 0 2 11 70 46 40 21 57 29 3 38 65 26 72 59 9 34 67 32 37 16 -1 22.0 6979060034009004828
46 39 53 78 66 2 21 61 15 50 10 51 44 35 69 74 25 55 80 17 76 1 63 -1 23.0 11498624069888337364
51 38 13 36 54 62 17 11 23 9 70 74 14 0 47 46 55 78 8 -1 19.0 1783273232629242403
17 12 4 43 45 10 9 1 0 20 80 56 3 76 70 38 25 53 36 11 37 59 21 -1 23.0 18325707814784787219
61 76 49 22 36 34 78 15 30 40 48 10 73 71 58 79 -1 16.0 5814672442392783433
