# hex9 5x5 gate fixture
# board_size policy_size
5 26
# per case: moves..., -1, mover_value, count, winning moves...
# moves and winning moves are board indices, not canonical
21 16 15 14 12 5 2 7 24 8 10 19 17 13 20 11 9 3 -1 1 1 6
11 10 19 6 2 5 0 7 13 15 1 3 20 12 21 9 23 22 -1 -1 0
7 18 23 1 24 9 11 16 17 21 10 12 20 6 -1 1 1 15
20 17 13 6 5 7 15 0 11 2 8 4 21 10 16 23 1 19 -1 -1 0
24 15 5 20 13 1 11 2 0 17 10 21 8 -1 1 1 18
24 4 19 2 15 5 18 20 8 16 -1 -1 0
17 4 19 22 15 24 20 5 12 8 18 21 16 11 0 14 13 -1 1 2 2 7
21 18 5 20 12 11 0 10 17 6 24 -1 1 1 3
20 15 21 2 10 4 22 3 9 19 5 1 17 23 -1 -1 0
22 23 12 4 5 8 7 10 21 0 9 3 19 20 -1 1 3 1 2 6
12 13 16 0 15 14 5 7 24 1 21 2 17 10 11 6 -1 1 1 8
15 4 24 23 16 18 17 2 22 7 12 1 -1 -1 0
15 16 6 14 20 11 4 7 5 10 8 0 18 22 24 -1 1 1 13
12 5 14 9 11 20 13 18 4 7 1 22 16 19 0 -1 1 3 6 8 21
24 0 2 4 14 23 9 7 10 5 11 12 19 18 13 20 21 1 -1 -1 0
20 2 12 14 7 0 8 17 22 21 24 16 19 1 13 15 18 -1 -1 0
17 2 4 21 12 7 9 11 24 18 0 19 -1 1 3 22 16 20
5 11 23 18 2 9 12 22 16 15 19 13 4 -1 -1 0
14 15 18 6 11 20 16 21 1 13 19 2 23 22 -1 1 1 8
16 12 24 5 18 21 17 13 11 1 -1 1 2 2 7
5 3 14 15 1 9 10 21 17 4 23 -1 1 4 22 18 11 12
19 10 23 11 13 21 17 22 9 6 18 16 24 -1 -1 0
22 16 3 7 23 5 13 17 4 1 19 18 24 -1 1 3 14 8 9
23 15 2 9 1 3 13 24 16 8 19 17 -1 1 2 7 11
5 6 10 18 14 0 17 21 19 13 1 23 15 -1 -1 0
21 9 24 17 4 3 14 6 8 5 19 11 12 15 0 13 -1 1 1 16
12 6 4 19 18 11 9 0 2 8 24 20 15 21 14 -1 -1 0
23 5 18 14 8 12 4 1 17 6 15 21 24 16 9 19 10 -1 1 1 13
17 21 2 8 11 19 14 9 20 10 24 23 3 -1 -1 0
14 0 17 1 11 7 2 10 19 6 16 23 22 20 24 -1 1 2 4 8
0 21 22 4 16 19 20 6 14 15 12 11 -1 1 2 3 7
19 21 22 18 4 9 7 2 14 11 5 -1 1 2 12 13
20 11 13 10 19 21 7 23 3 22 2 1 6 16 15 12 -1 -1 0
14 0 16 7 12 3 5 18 19 23 1 20 17 13 11 21 2 8 -1 1 1 22
18 9 0 5 10 7 3 19 14 1 12 23 21 16 13 6 4 22 -1 -1 0
16 1 8 13 15 3 17 4 19 9 24 12 2 0 -1 1 2 11 6
7 5 10 23 3 1 6 16 17 8 18 4 19 11 22 15 -1 1 1 12
15 11 18 4 16 12 3 2 0 17 8 19 9 7 10 -1 -1 0
1 14 11 24 16 20 2 13 4 10 7 3 15 9 8 -1 1 1 21
10 12 11 8 19 1 18 2 13 16 5 3 -1 -1 0
5 19 6 14 23 8 22 1 3 9 -1 1 2 15 12
16 11 3 24 20 9 4 13 22 7 10 6 8 18 17 12 -1 -1 0
10 20 23 6 16 2 5 1 14 19 22 -1 -1 0
2 5 12 0 19 7 10 6 13 3 23 17 9 11 16 14 22 -1 1 1 4
3 2 6 8 15 9 24 20 11 19 1 23 16 18 14 -1 1 1 21
13 19 10 0 4 7 11 15 17 12 16 -1 -1 0
0 8 22 12 21 17 6 18 19 5 3 16 11 9 1 13 15 14 -1 1 1 20
10 7 6 21 15 0 24 16 8 3 23 22 13 -1 1 3 1 2 20
15 20 7 16 2 5 12 6 23 14 19 4 -1 1 3 13 17 18
7 11 17 23 3 4 24 12 5 21 15 1 -1 1 2 13 10
8 11 16 6 0 4 19 14 18 23 22 15 -1 1 3 2 3 7
0 23 20 13 5 22 24 7 19 9 -1 1 4 8 10 11 12
16 14 22 2 10 11 13 17 9 5 21 19 8 -1 -1 0
5 14 18 13 6 10 7 4 12 3 21 24 22 -1 -1 0
20 13 4 24 11 1 10 15 19 8 -1 -1 0
17 11 21 1 2 14 8 16 5 7 13 20 6 19 0 12 18 -1 -1 0
9 14 1 22 23 21 8 20 6 2 5 24 10 7 13 15 17 16 -1 1 1 18
6 3 24 10 1 12 16 5 0 22 13 9 23 7 -1 1 3 4 11 8
18 17 5 11 6 21 15 13 10 19 16 3 4 8 7 9 23 1 -1 1 1 20
7 20 2 21 11 1 5 10 8 24 -1 1 1 18
5 18 16 2 9 19 10 23 14 20 22 21 4 13 -1 1 1 17
8 24 23 14 21 17 0 1 20 2 9 18 19 3 16 7 -1 -1 0
21 0 3 8 6 10 13 12 24 2 9 15 22 7 5 23 -1 1 1 4
19 5 0 8 22 18 10 2 12 6 -1 -1 0
5 19 12 18 22 9 11 21 10 7 13 17 6 1 24 14 16 -1 1 1 20
23 13 4 5 11 0 3 8 15 1 24 9 20 14 12 2 17 -1 1 1 7
4 22 21 18 12 6 3 8 16 17 11 9 5 20 14 24 15 7 -1 1 1 10
6 10 2 13 15 4 12 11 19 16 8 9 21 24 1 -1 1 3 3 17 7
9 23 7 17 16 21 1 15 11 5 8 0 10 19 3 -1 1 1 20
14 8 20 2 16 6 5 22 1 3 24 7 11 23 -1 1 3 4 9 10
2 5 8 15 12 0 10 3 21 6 18 4 1 17 22 11 -1 1 1 7
18 24 20 22 15 23 4 16 7 13 6 0 14 -1 -1 0
6 14 1 13 3 16 11 15 21 20 12 23 7 0 24 9 -1 1 1 17
6 0 3 15 9 14 21 7 12 22 4 23 20 24 13 16 11 -1 1 1 17
22 16 24 6 12 15 21 19 13 10 2 1 23 14 0 18 20 8 -1 -1 0
18 13 6 11 2 1 19 3 10 23 -1 1 1 15
11 1 16 21 20 3 19 6 8 12 4 -1 -1 0
19 23 2 14 21 6 7 4 20 12 5 -1 1 2 11 15
7 21 8 12 0 20 6 3 13 19 11 14 4 5 23 16 1 -1 1 1 18
6 14 12 18 2 23 10 0 8 9 4 -1 -1 0
9 23 22 2 20 4 13 11 3 1 7 16 5 6 15 -1 -1 0
24 11 5 13 18 14 1 2 19 21 4 0 15 9 12 -1 -1 0
14 24 6 4 7 11 22 10 16 13 -1 1 1 12
19 24 7 0 20 2 15 14 22 6 21 9 8 -1 -1 0
20 6 10 8 21 23 3 22 24 13 11 16 -1 1 3 15 17 12
17 20 24 21 12 23 3 19 1 5 9 0 13 -1 1 1 22
22 10 17 2 12 20 24 19 14 1 21 23 4 8 5 0 7 -1 -1 0
2 17 13 6 5 19 14 21 24 10 15 18 22 1 -1 -1 0
3 12 6 15 13 10 9 22 7 14 11 23 2 16 -1 -1 0
15 11 24 10 3 0 12 22 9 19 8 5 17 14 7 -1 1 1 21
18 10 22 13 12 16 24 21 11 4 15 -1 -1 0
22 7 3 19 24 18 5 6 0 20 8 -1 1 2 17 12
6 12 0 2 15 7 3 1 14 4 13 11 9 5 20 19 24 21 -1 -1 0
4 1 17 0 18 6 7 24 21 16 9 -1 -1 0
12 6 15 5 0 18 24 17 10 2 3 19 4 8 -1 -1 0
19 14 6 5 16 23 12 20 10 0 11 17 -1 1 3 21 13 18
0 11 24 23 18 5 2 1 9 21 12 -1 -1 0
5 4 22 24 23 13 7 0 14 19 15 -1 -1 0
5 1 11 16 6 0 10 17 18 7 -1 -1 0
16 8 4 21 17 1 6 0 14 24 18 -1 -1 0
16 19 9 20 0 12 18 6 1 10 15 -1 -1 0
16 18 12 21 10 14 7 13 6 5 20 24 19 8 23 15 4 -1 -1 0
0 15 18 23 1 10 22 3 13 11 16 2 -1 1 1 4
17 23 18 6 9 16 3 12 2 21 5 8 1 11 4 -1 1 3 22 14 13
18 3 12 5 7 17 21 0 1 14 6 -1 -1 0
22 11 3 1 24 12 7 9 5 18 -1 -1 0
15 7 12 0 3 23 24 1 5 17 -1 -1 0
1 16 24 3 4 23 8 7 19 14 21 -1 1 2 17 13
7 20 11 14 4 13 6 21 22 3 24 18 19 12 -1 -1 0
2 14 24 11 15 23 8 16 20 4 12 10 21 -1 1 3 3 17 7
19 4 6 8 3 5 21 1 17 24 23 14 2 13 12 -1 -1 0
4 7 8 6 20 16 21 18 23 24 13 1 0 -1 1 1 17
15 10 2 1 21 17 18 14 12 11 23 9 5 13 -1 1 1 16
2 14 23 1 8 24 15 4 12 3 0 10 7 21 18 -1 -1 0
18 16 12 11 1 0 7 23 6 5 17 8 24 14 2 13 3 -1 -1 0
20 5 6 4 2 16 8 3 14 9 12 21 15 10 0 22 -1 1 1 11
20 18 16 4 24 3 1 11 22 5 13 12 21 17 2 14 -1 -1 0
24 2 8 16 1 12 3 22 0 23 6 15 13 7 4 17 19 14 -1 1 1 18
19 13 1 14 6 10 3 7 23 24 -1 1 1 12
23 1 18 15 21 12 5 11 13 8 -1 -1 0
4 3 24 14 18 20 8 12 1 7 23 10 11 16 -1 1 1 13
16 20 10 12 1 22 3 4 11 13 5 14 -1 1 1 21
11 21 4 14 5 20 12 13 3 8 22 -1 1 1 17
20 18 11 6 13 22 17 16 4 1 19 0 24 9 23 14 12 15 -1 1 1 21
11 24 13 22 17 0 15 4 23 16 6 -1 -1 0
5 4 7 21 1 9 15 11 8 18 14 23 19 16 12 2 -1 -1 0
13 22 4 21 20 18 7 6 12 19 24 5 23 -1 1 1 16
22 20 11 8 9 5 7 6 13 17 21 2 0 3 -1 -1 0
1 0 10 23 17 7 18 5 14 13 19 16 15 20 -1 1 1 8
24 18 22 12 23 5 0 10 19 6 8 3 -1 -1 0
4 9 7 19 13 20 15 3 14 11 5 18 -1 1 1 17
14 10 1 23 0 22 24 4 2 15 11 -1 1 4 16 6 7 21
23 2 3 22 16 24 17 7 8 19 9 5 6 18 11 -1 -1 0
16 8 21 20 10 5 18 12 14 19 4 0 7 -1 -1 0
15 20 18 11 23 13 24 16 10 6 -1 -1 0
20 6 11 2 21 22 17 5 23 3 -1 1 1 4
5 20 14 1 16 18 2 24 8 17 -1 1 3 21 19 23
13 4 15 6 9 19 0 16 17 11 2 10 23 5 20 7 -1 -1 0
7 1 15 22 21 14 18 23 13 19 6 10 0 17 2 11 8 9 -1 -1 0
24 10 2 23 14 9 0 5 4 20 7 11 22 19 13 12 -1 1 1 8
13 15 8 20 2 1 23 10 12 18 14 6 9 -1 -1 0
6 12 8 10 9 2 21 15 22 24 18 -1 -1 0
6 8 22 14 0 5 3 4 12 2 23 -1 1 4 20 17 7 16
11 7 24 2 10 1 3 13 21 22 6 9 5 18 4 23 12 -1 -1 0
10 12 13 9 11 20 15 1 19 5 18 14 22 7 -1 1 1 8
1 0 10 13 15 7 3 16 11 19 14 -1 1 1 20
19 12 11 22 14 23 1 20 17 4 3 18 24 15 13 -1 -1 0
0 22 23 18 24 12 19 15 17 20 11 4 8 5 -1 1 1 13
11 17 13 15 14 3 19 6 10 0 24 7 1 16 20 8 -1 -1 0
13 23 0 21 15 24 3 20 7 5 10 1 12 18 22 -1 1 1 17
4 1 6 12 21 2 24 14 22 15 10 11 -1 1 1 13
13 4 5 15 2 21 11 24 3 9 -1 1 4 20 16 22 18
17 1 19 3 18 23 7 13 21 11 24 9 2 -1 1 1 12
3 22 24 20 14 4 9 2 23 5 10 21 -1 1 1 8
4 12 22 11 8 0 10 19 24 14 -1 1 1 13
7 19 0 21 13 5 20 15 2 11 6 24 3 14 17 -1 -1 0
12 4 24 7 16 8 19 22 11 9 17 14 18 5 -1 1 1 6
19 1 14 0 17 24 13 9 4 3 18 22 2 12 10 -1 1 1 8
13 9 18 1 5 19 3 10 23 11 22 2 16 14 6 17 15 -1 1 1 8
6 13 9 0 8 19 20 23 3 15 4 2 10 17 21 18 -1 1 1 16
3 22 11 9 4 2 5 23 15 10 20 18 21 -1 -1 0
3 8 21 15 23 2 4 20 17 1 6 13 7 -1 1 1 12
21 22 3 4 5 19 8 20 7 16 6 23 9 0 15 -1 1 3 13 17 12
10 8 16 12 13 6 0 24 18 23 9 5 -1 1 3 4 7 11
11 14 3 13 19 7 12 22 1 8 17 6 21 23 4 9 15 20 -1 -1 0
12 9 3 7 17 2 24 15 23 5 0 4 19 -1 1 1 8
11 23 0 18 9 12 7 6 17 8 10 -1 1 1 16
0 17 1 20 14 15 12 10 24 4 9 2 16 13 8 11 18 -1 1 1 3
14 23 13 16 22 6 18 8 0 11 4 3 -1 1 1 9
17 15 18 16 5 22 19 7 1 9 6 20 14 24 4 23 -1 -1 0
15 11 13 9 1 3 7 10 20 5 23 6 21 19 12 17 8 -1 -1 0
13 7 14 9 4 19 24 0 21 20 16 12 22 -1 1 3 17 8 18
22 3 21 2 13 24 16 18 7 1 -1 1 1 4
4 16 18 17 9 21 12 22 10 19 7 -1 1 3 14 23 13
17 7 4 24 21 20 16 15 18 19 3 22 10 -1 1 1 13
23 9 18 20 10 15 8 17 3 4 22 21 16 24 -1 1 1 13
13 21 12 11 18 23 8 7 24 0 22 14 17 15 1 3 -1 1 1 4
7 3 23 14 15 4 22 0 16 24 9 10 -1 1 3 1 2 6
16 0 5 6 11 3 24 7 1 21 19 22 9 20 -1 1 1 13
21 23 11 15 2 22 6 12 7 10 17 18 24 9 5 -1 1 1 16
24 5 16 0 18 22 20 14 6 13 23 1 12 4 15 21 11 -1 -1 0
8 16 7 2 6 14 20 18 1 23 17 9 12 10 13 -1 -1 0
4 8 23 1 6 20 0 21 11 16 3 13 17 -1 1 3 18 12 22
17 2 12 23 11 22 16 10 0 6 3 -1 -1 0
10 2 20 16 14 5 24 8 1 15 4 6 21 0 -1 1 1 9
7 12 0 18 10 1 3 6 13 19 2 14 24 11 4 9 -1 -1 0
13 19 21 24 9 0 5 15 22 17 1 6 7 16 12 3 2 -1 1 1 18
20 23 8 10 12 19 18 1 3 24 11 13 2 -1 -1 0
15 7 14 12 8 6 11 22 5 20 19 4 -1 1 1 3
14 24 11 19 5 1 12 17 23 4 3 16 7 10 -1 -1 0
16 3 18 14 22 19 13 6 8 4 7 21 20 1 10 -1 1 1 2
1 20 0 24 2 6 16 13 3 21 22 15 23 12 -1 -1 0
13 6 7 18 23 2 12 16 17 8 10 9 14 22 1 19 21 -1 1 1 3
3 14 0 15 19 23 9 1 6 8 18 22 5 11 -1 -1 0
23 8 12 16 21 13 10 20 7 24 22 17 19 1 5 18 6 0 -1 -1 0
2 16 1 7 10 24 21 8 15 3 13 17 23 19 20 6 18 -1 1 1 5
9 15 8 0 7 3 6 24 19 10 14 18 20 12 11 13 16 -1 -1 0
16 6 14 12 4 3 23 10 1 20 2 19 15 21 -1 -1 0
23 22 3 24 9 13 1 19 6 18 4 21 14 7 0 5 15 12 -1 1 1 20
13 8 9 0 21 24 19 3 6 4 2 11 7 20 15 5 12 -1 -1 0
20 12 22 15 1 5 3 2 16 19 24 13 6 8 4 -1 1 1 11
11 23 17 22 12 19 8 6 14 16 20 4 13 -1 1 3 3 15 21
18 22 1 21 0 5 13 9 3 14 23 -1 -1 0
20 11 2 6 3 14 9 19 4 7 16 13 15 24 5 0 8 -1 1 1 12
22 2 6 20 24 4 18 7 1 17 13 14 -1 -1 0
21 8 3 5 4 0 15 12 16 17 9 19 20 -1 -1 0
20 23 16 14 17 15 6 1 0 8 12 11 19 -1 1 1 7
15 2 6 21 10 17 19 7 14 3 22 23 24 8 16 1 -1 -1 0
14 9 15 16 3 23 4 19 2 12 1 10 21 18 -1 -1 0
8 12 14 5 11 2 6 13 22 1 21 24 -1 -1 0
11 0 22 18 19 21 20 9 4 23 24 -1 -1 0
4 23 18 7 19 17 8 2 11 16 12 -1 1 3 24 22 13
18 15 12 3 8 10 1 24 2 14 21 7 17 22 11 6 -1 1 1 4
3 14 24 21 22 11 5 4 9 0 20 16 18 23 17 -1 1 2 12 8
8 1 14 22 12 23 2 11 13 5 -1 1 4 19 24 16 21
23 5 20 14 8 12 15 24 9 16 17 21 18 -1 -1 0
24 1 21 18 2 14 23 19 15 5 6 22 13 -1 -1 0
23 9 8 4 21 6 16 7 19 10 14 20 15 18 -1 1 1 3
18 20 11 0 1 21 8 22 2 9 -1 1 3 19 23 24
9 16 7 20 18 21 11 12 3 15 8 0 22 -1 -1 0
17 12 7 23 6 2 20 4 18 21 0 15 9 1 13 11 19 14 -1 1 1 8
16 4 13 15 3 20 5 18 7 22 -1 1 3 19 21 14
3 14 4 18 13 17 20 12 7 10 8 -1 1 3 16 15 11
2 16 13 20 4 17 5 3 8 15 -1 1 2 19 18
6 22 15 9 7 18 3 5 14 20 21 -1 -1 0
3 0 12 24 22 21 2 6 17 8 -1 1 1 7
24 1 21 13 9 14 15 22 3 4 -1 1 4 0 5 6 12
8 1 7 14 9 6 5 21 24 12 22 19 -1 1 3 13 20 11
19 0 5 16 15 11 23 9 24 10 14 4 20 17 21 22 -1 -1 0
1 3 12 14 8 24 6 9 22 10 7 19 21 16 -1 1 3 13 18 17
23 3 6 18 12 24 2 21 1 11 17 20 16 4 0 14 -1 -1 0
3 8 17 0 6 14 7 20 22 2 23 4 10 19 11 -1 -1 0
12 20 10 5 2 16 6 23 19 22 -1 1 2 17 24
11 1 0 16 6 22 18 19 3 20 14 8 -1 -1 0
5 23 17 14 11 10 2 18 0 16 19 21 22 1 24 7 13 -1 1 2 4 8
21 11 4 18 5 10 2 16 6 23 14 20 17 12 -1 1 1 13
3 4 5 2 18 6 10 14 17 15 20 11 -1 1 2 8 12
7 17 13 21 5 16 24 18 8 12 2 0 -1 -1 0
12 19 20 24 1 21 5 23 10 13 7 17 9 14 2 0 8 -1 -1 0
3 10 2 16 17 14 5 8 0 22 21 18 13 7 11 19 -1 -1 0
12 18 24 11 16 15 21 17 19 22 6 -1 -1 0
2 24 6 12 7 22 21 13 15 19 16 11 -1 1 1 10
23 14 0 22 7 21 5 2 24 11 -1 -1 0
0 11 4 12 7 5 23 1 16 18 13 20 -1 1 3 17 19 14
15 8 0 18 5 16 17 11 1 4 13 7 20 -1 1 1 10
2 13 18 15 5 7 1 19 24 17 12 23 22 8 20 10 6 16 -1 -1 0
9 19 3 11 0 23 4 14 21 22 -1 1 4 15 10 12 17
20 8 11 3 6 10 19 14 16 15 4 2 12 0 21 23 7 -1 1 1 1
5 3 19 10 6 0 23 13 2 21 -1 -1 0
22 3 0 12 1 18 6 11 9 4 21 19 -1 -1 0
10 4 14 24 23 8 6 19 18 11 1 21 -1 1 2 15 12
6 8 11 12 15 2 14 4 10 17 18 24 16 7 -1 1 3 0 1 5
22 11 7 24 18 2 9 12 20 4 8 19 21 13 3 0 -1 1 1 14
4 16 10 18 3 20 13 6 22 2 12 19 11 9 14 -1 1 1 17
6 1 13 23 8 9 12 24 19 20 2 7 18 22 17 3 14 10 -1 1 1 21
3 17 0 22 24 21 6 5 12 1 4 8 7 10 18 23 20 -1 1 1 16
22 8 13 17 5 18 9 11 23 0 24 4 21 15 -1 -1 0
19 22 13 20 14 1 15 21 5 0 3 18 10 23 9 12 -1 1 1 24
3 17 6 8 7 2 0 22 9 14 23 21 12 13 15 -1 1 1 20
7 12 0 6 20 19 21 23 4 22 -1 1 3 11 17 13
7 8 10 14 9 18 24 20 21 12 6 11 0 2 3 4 22 5 -1 -1 0
9 22 17 4 24 20 10 14 7 13 2 16 -1 1 1 12
6 20 1 2 18 13 3 4 9 14 21 12 15 10 11 -1 1 1 16
21 1 15 4 22 17 12 0 20 7 19 18 8 -1 1 1 3
22 20 14 8 24 1 23 12 18 16 4 6 15 3 -1 1 1 9
1 3 13 8 7 23 15 9 14 24 21 12 11 6 -1 1 3 2 5 10
1 7 2 8 4 21 12 24 20 19 13 16 5 11 10 15 -1 -1 0
22 9 20 7 3 23 4 14 24 12 13 16 -1 1 3 6 8 15
21 2 17 16 24 18 5 22 0 4 8 10 23 12 -1 -1 0
9 0 21 12 1 15 3 13 4 7 -1 1 1 14
10 2 9 8 22 21 19 24 17 7 12 13 0 3 16 20 6 -1 -1 0
22 1 8 20 24 17 21 3 0 19 12 18 15 5 2 11 -1 1 1 16
17 5 18 8 15 7 4 16 11 2 21 20 14 23 19 6 13 -1 1 1 9
9 7 1 21 3 13 15 4 12 2 16 20 11 19 -1 -1 0
22 0 13 18 19 10 12 7 3 20 24 17 16 2 4 -1 -1 0
19 4 16 22 6 13 14 20 8 18 1 23 24 10 0 17 2 -1 -1 0
17 12 5 24 2 22 1 4 7 6 20 21 11 15 -1 1 1 16
22 11 24 8 14 23 6 1 5 17 9 15 20 12 4 18 10 -1 1 1 19
24 3 0 6 11 19 4 5 21 14 9 16 1 2 10 17 20 8 -1 -1 0
13 24 3 22 12 0 14 2 6 10 19 23 4 1 7 15 -1 1 2 21 16
12 21 2 20 6 3 23 15 0 1 17 7 10 24 8 16 4 -1 -1 0
16 15 18 4 0 8 1 24 12 10 5 -1 1 1 7
6 0 20 3 13 15 22 2 18 12 1 16 9 10 21 11 23 -1 1 1 4
10 2 8 0 24 3 16 18 11 17 20 1 15 13 9 23 21 5 -1 1 1 4
24 4 1 7 14 20 15 16 6 2 10 19 21 23 -1 -1 0
21 23 11 18 7 17 4 20 14 19 10 9 -1 1 1 16
24 0 15 2 10 17 5 14 9 20 23 18 16 13 1 -1 1 1 21
23 9 2 21 11 5 1 13 8 19 4 20 17 -1 -1 0
1 6 24 5 7 18 23 16 17 8 21 2 9 4 -1 -1 0
14 24 5 9 8 12 0 21 7 4 13 -1 -1 0
18 8 17 7 1 4 19 13 10 12 9 15 -1 -1 0
24 17 5 1 16 14 6 22 20 8 19 13 2 -1 1 1 11
9 5 14 2 8 7 24 10 4 15 0 12 20 3 16 -1 -1 0
9 14 19 16 17 18 0 1 20 11 6 3 22 15 8 7 -1 1 1 4
4 16 14 21 18 10 3 13 8 15 1 -1 1 3 22 23 9
7 19 18 22 10 3 1 0 24 2 11 16 6 17 -1 -1 0
9 20 17 5 15 1 19 14 18 3 23 2 4 6 24 0 7 -1 1 1 13
0 23 8 22 24 6 12 4 19 3 16 5 20 11 9 15 -1 -1 0
9 22 1 16 10 8 14 13 21 6 -1 -1 0
16 20 17 7 9 1 3 14 5 0 11 8 13 15 23 -1 1 1 4
